5225
5227
5225
5224
5225
5227
5224
5224
5227
5227
5224
5224
5224
5228
5228
5222
5227
5226
5227
5225
5228
5227
5224
5225
5225
5227
5224
5224
5225
5224
5227
5220
5228
5220
5224
5225
5225
5227
5220
5225
5227
5228
5227
5227
5226
5225
5227
5222
5228
5229
5227
5228
5224
5228
5224
5220
5222
5228
5220
5227
5226
5227
5224
5225
5225
5226
5227
5224
5225
5227
5227
5225
5225
5224
5224
5227
5225
5228
5226
5227
5222
5224
5227
5225
5224
5224
5224
5227
5227
5224
5225
5227
5225
5225
5227
5227
5227
5223
5222
5225
5224