0 205
0 207
1 204
1 210
2 203
2 211
3 199
3 212
4 191
4 212
5 190
5 213
6 190
6 215
7 187
7 215
7 218
7 219
8 186
8 221
9 185
9 224
10 168
10 170
10 183
10 226
11 169
11 170
11 171
11 172
11 182
11 226
12 169
12 170
12 171
12 173
12 181
12 226
13 165
13 175
13 179
13 234
14 164
14 177
14 178
14 236
15 164
15 242
16 162
16 243
17 156
17 244
18 154
18 245
19 153
19 245
20 153
20 246
21 150
21 248
22 149
22 248
23 146
23 248
24 144
24 248
25 144
25 248
26 140
26 248
27 140
27 250
27 257
27 260
27 263
27 264
28 140
28 252
28 253
28 265
29 139
29 265
30 138
30 265
31 137
31 265
32 135
32 265
33 134
33 265
34 130
34 266
35 128
35 268
36 128
36 268
37 128
37 269
38 127
38 269
39 127
39 269
40 127
40 269
41 125
41 269
42 124
42 269
43 124
43 269
44 124
44 270
45 122
45 272
46 122
46 273
47 122
47 273
48 122
48 274
49 122
49 275
50 123
50 275
51 124
51 275
52 124
52 274
53 124
53 274
54 124
54 274
55 125
55 275
56 125
56 277
57 126
57 277
58 127
58 279
59 128
59 280
60 128
60 281
61 129
61 282
62 129
62 282
63 130
63 283
64 132
64 285
65 132
65 287
66 132
66 290
67 132
67 292
68 131
68 294
69 130
69 294
70 130
70 294
71 129
71 295
72 128
72 296
73 128
73 297
74 127
74 297
75 127
75 297
76 128
76 298
77 128
77 300
78 128
78 302
79 129
79 302
80 130
80 305
81 132
81 305
82 132
82 305
83 132
83 306
84 132
84 306
85 132
85 306
86 132
86 306
87 132
87 306
88 132
88 308
89 130
89 310
90 130
90 310
91 129
91 310
92 128
92 311
93 127
93 313
94 127
94 314
95 127
95 314
96 127
96 315
97 126
97 316
98 126
98 316
99 126
99 316
100 125
100 317
101 125
101 318
102 124
102 318
103 124
103 318
104 123
104 319
105 121
105 319
106 119
106 319
107 119
107 319
108 118
108 319
109 117
109 319
110 115
110 319
111 115
111 319
112 114
112 319
113 114
113 319
114 114
114 319
115 114
115 319
116 114
116 319
117 114
117 319
118 115
118 319
119 115
119 319
120 115
120 319
121 115
121 319
122 110
122 319
123 103
123 319
124 102
124 319
125 101
125 318
126 100
126 317
127 99
127 318
128 99
128 319
129 99
129 319
130 99
130 319
131 99
131 319
132 99
132 319
133 99
133 318
134 99
134 318
135 99
135 318
136 99
136 317
137 99
137 317
138 99
138 317
139 99
139 317
140 98
140 317
141 97
141 318
142 97
142 318
143 94
143 318
144 94
144 318
145 93
145 318
146 90
146 319
147 79
147 85
147 86
147 319
148 74
148 320
149 73
149 320
150 63
150 320
151 62
151 320
152 60
152 320
153 59
153 320
154 57
154 320
155 57
155 320
156 55
156 320
157 55
157 320
158 54
158 321
159 54
159 321
160 53
160 322
161 53
162 53
163 53
164 53
165 53
165 322
166 53
166 322
167 53
167 322
168 53
168 321
169 52
169 320
170 52
170 320
171 51
171 321
172 51
172 321
173 51
173 320
174 50
174 320
175 49
175 320
176 49
176 319
177 42
177 319
178 38
178 319
179 37
179 319
180 37
180 318
181 37
181 317
182 37
182 317
183 37
183 317
184 37
184 318
185 34
185 318
186 34
186 318
187 33
187 318
188 31
188 318
189 29
189 318
190 28
190 318
191 27
191 317
192 25
192 317
193 25
193 317
194 22
194 316
195 20
195 316
196 20
196 317
197 19
197 317
198 19
198 317
199 18
199 318
200 18
200 318
201 18
201 318
202 19
202 318
203 19
203 318
204 19
204 318
205 20
205 318
206 20
206 318
207 20
207 318
208 20
208 318
209 20
209 317
210 20
210 316
211 20
211 314
212 20
212 314
213 20
213 313
214 20
214 310
215 20
215 308
216 22
216 308
217 22
217 288
217 292
217 308
218 21
218 287
218 294
218 308
219 20
219 277
219 296
219 308
220 20
220 277
220 297
220 308
221 19
221 277
221 297
221 308
222 19
222 277
222 297
222 308
223 17
223 275
223 298
223 308
224 17
224 271
224 272
224 274
224 298
224 308
225 17
225 269
225 300
225 308
226 17
226 269
226 302
226 308
227 17
227 267
227 302
227 308
228 17
228 267
229 17
229 267
230 17
230 267
231 17
231 267
232 17
232 266
233 17
233 265
234 17
234 265
235 17
235 265
236 17
236 265
237 17
237 265
238 17
238 265
239 17
239 265
240 17
240 265
241 18
241 265
242 20
242 265
243 20
243 265
244 31
244 265
245 33
245 34
245 37
245 265
246 37
246 264
247 37
247 265
248 37
248 265
249 36
249 265
250 34
250 265
251 34
251 265
252 34
252 265
253 34
253 264
254 34
254 264
255 34
255 264
256 34
256 265
257 35
257 264
258 36
258 264
259 36
259 264
260 36
260 264
261 35
261 265
262 35
262 265
263 34
263 265
264 34
264 265
265 31
265 265
266 30
266 265
267 29
267 265
268 28
268 265
269 28
269 266
270 17
270 266
271 16
271 265
272 16
272 265
273 15
273 264
274 14
274 263
275 14
275 263
276 13
276 263
277 13
277 263
278 12
278 263
279 12
279 262
280 12
280 261
281 13
281 260
282 13
282 261
283 13
283 262
284 12
284 262
285 9
285 262
286 8
286 262
287 7
287 263
288 6
288 263
289 6
289 263
290 6
290 263
291 4
291 262
292 4
292 261
293 3
293 260
294 3
294 260
295 2
295 262
296 0
296 262
297 0
297 262
298 0
298 262
299 2
299 260
300 5
300 257
301 5
301 256
302 5
302 245
302 246
302 247
303 6
303 244
304 8
304 240
305 9
305 14
305 16
305 240
306 19
306 240
307 24
307 240
308 24
308 240
309 25
309 239
310 26
310 237
311 27
311 237
312 28
312 236
313 28
313 235
314 28
314 235
315 28
315 234
316 31
316 34
316 36
316 235
317 37
317 235
318 37
318 235
319 37
319 238
320 37
320 240
321 37
321 240
322 39
322 240
323 39
323 241
324 37
324 242
325 34
325 241
326 34
326 241
327 33
327 240
328 33
328 240
329 33
329 240
330 33
330 67
330 69
330 240
331 33
331 66
331 70
331 240
331 243
331 246
332 33
332 65
332 69
332 248
333 41
333 62
333 69
333 248
334 42
334 60
334 69
334 248
335 53
335 59
335 69
335 248
336 55
336 58
336 69
336 248
337 70
337 248
338 70
338 248
339 70
339 247
340 70
340 247
341 67
341 247
342 66
342 247
343 66
343 247
343 250
343 253
344 65
344 254
345 65
345 254
346 64
346 254
347 63
347 254
348 63
348 254
349 63
349 253
350 64
350 252
351 64
351 252
352 64
352 252
353 65
353 250
354 66
354 248
355 68
355 247
356 68
356 247
357 69
357 246
358 70
358 245
359 70
359 245
360 70
360 246
361 72
361 246
362 73
362 246
363 66
363 72
363 73
363 246
364 62
364 245
365 62
365 244
366 55
366 240
367 53
367 240
368 53
368 240
369 52
369 239
370 49
370 237
371 49
371 237
372 47
372 232
372 233
372 235
373 47
373 231
374 45
374 232
375 45
375 232
376 45
376 232
377 44
377 232
378 44
378 232
379 44
379 231
380 44
380 231
381 44
381 231
382 44
382 230
383 44
383 228
384 44
384 228
385 44
385 228
386 44
386 229
387 37
387 230
388 36
388 230
389 35
389 230
390 36
390 230
391 37
391 229
392 35
392 227
393 35
393 227
394 35
394 227
395 37
395 224
396 36
396 222
397 36
397 221
398 33
398 219
399 33
399 218
400 33
400 215
401 31
401 214
402 32
402 212
403 32
403 212
404 33
404 203
405 33
405 202
406 33
406 200
407 33
407 198
408 34
408 197
409 34
409 195
410 34
410 195
411 34
411 194
412 37
412 192
413 37
413 190
414 37
414 184
414 186
414 187
415 37
415 184
416 37
416 184
417 37
417 183
418 34
418 182
419 34
419 182
420 33
420 182
421 33
421 182
422 33
422 182
423 33
423 182
424 34
424 181
425 34
425 181
426 32
426 181
427 31
427 180
428 31
428 180
429 30
429 179
430 31
430 178
431 31
431 178
432 31
432 178
433 32
433 178
434 33
434 177
435 34
435 177
436 35
436 177
437 40
437 177
438 40
438 176
439 40
439 175
440 41
440 175
441 42
441 175
442 42
442 175
443 45
443 175
444 45
444 175
445 45
445 175
446 45
446 175
447 45
447 175
448 45
448 175
449 45
449 177
450 45
450 178
451 45
451 179
452 46
452 180
453 46
453 180
454 47
454 180
455 52
455 179
456 51
456 179
457 51
457 178
458 50
458 179
459 49
459 182
460 48
460 184
461 48
461 184
462 46
462 184
463 42
463 184
464 42
464 184
465 41
465 184
466 33
466 34
466 41
466 184
467 33
467 37
467 40
467 183
468 31
468 37
468 40
468 183
469 31
469 38
469 40
469 183
470 31
470 38
470 40
470 183
471 30
471 183
472 30
472 184
473 29
473 184
474 29
474 184
475 28
475 184
476 28
476 186
477 28
477 188
478 28
478 189
479 28
479 190
480 30
480 190
481 31
481 190
482 31
482 189
483 33
483 187
484 33
484 185
485 33
485 184
486 31
486 184
487 30
487 184
488 28
488 183
489 27
489 183
490 26
490 183
491 25
491 183
492 24
492 181
493 24
493 181
494 24
494 182
495 24
495 182
496 24
496 182
497 25
497 183
498 25
498 183
499 25
499 183
500 25
500 183
501 25
501 182
502 26
502 182
503 27
503 177
504 28
504 177
505 28
505 177
506 28
506 177
507 28
507 177
508 28
508 177
509 29
509 178
510 30
510 178
511 31
511 178
512 31
512 177
513 31
513 177
514 31
514 175
515 30
515 173
516 30
516 173
517 29
517 174
518 29
518 176
519 29
519 176
520 29
520 177
521 28
521 177
522 28
522 178
523 27
523 181
524 27
524 181
525 27
525 183
526 27
526 184
527 27
527 185
528 27
528 186
529 27
529 186
530 27
530 186
531 26
531 186
532 26
532 186
533 26
533 187
534 27
534 194
535 28
535 195
536 28
536 195
537 29
537 197
538 30
538 198
539 30
539 203
540 30
540 204
541 30
541 205
542 30
542 205
543 31
543 207
544 32
544 207
545 33
545 207
546 34
546 208
547 36
547 210
548 37
548 211
549 37
549 211
550 37
550 212
551 35
551 213
552 34
552 214
553 34
553 214
554 34
554 214
555 34
555 213
556 35
556 213
557 37
557 214
558 37
558 215
559 37
559 215
560 37
560 213
561 37
561 213
562 38
562 209
563 40
563 209
564 41
564 210
565 41
565 209
566 41
566 209
567 41
567 209
568 41
568 209
569 41
569 209
570 42
570 209
571 43
571 208
572 45
572 207
573 47
573 207
574 48
574 206
575 49
575 206
576 51
576 205
577 52
577 205
578 52
578 205
579 53
579 205
580 62
580 205
581 62
581 205
582 63
582 205
583 63
583 205
584 64
584 205
585 65
585 205
586 65
586 205
587 65
587 204
588 65
588 204
589 65
589 205
590 65
590 205
591 66
591 205
592 66
592 205
593 68
593 203
594 68
594 203
595 68
595 202
596 68
596 202
597 68
597 173
598 68
598 169
599 70
599 166
600 70
600 165
601 70
601 165
602 72
602 164
603 73
603 164
604 73
604 164
605 73
605 161
606 73
606 158
607 73
607 157
608 74
608 156
609 74
609 156
610 73
610 153
611 73
611 154
612 73
612 153
613 73
613 153
614 74
614 152
615 74
615 152
616 74
616 150
617 75
617 137
617 138
617 146
618 77
618 136
618 153
618 154
619 78
619 135
620 78
620 133
621 78
621 125
621 126
621 127
621 128
621 132
622 79
622 120
623 79
623 119
624 79
624 117
625 79
625 110
626 79
626 107
627 80
627 103
628 80
628 103
629 80
629 102
630 81
630 101
631 80
631 99
632 80
632 99
633 80
633 99
634 80
634 99
635 80
635 99
636 80
636 96
637 80
637 86
637 89
637 93
638 80
638 85
296 0
299 0
296 1
299 1
295 2
300 2
293 3
300 3
291 4
300 4
291 5
303 5
288 6
304 6
287 7
304 7
286 8
305 8
285 9
306 9
285 10
306 10
285 11
306 11
278 12
281 12
284 12
306 12
276 13
306 13
274 14
305 14
273 15
305 15
271 16
306 16
223 17
241 17
270 17
306 17
199 18
202 18
223 18
242 18
270 18
306 18
197 19
205 19
221 19
242 19
270 19
307 19
195 20
216 20
219 20
244 20
270 20
307 20
195 21
216 21
218 21
244 21
270 21
307 21
194 22
244 22
270 22
307 22
194 23
244 23
270 23
307 23
194 24
244 24
270 24
309 24
492 24
497 24
192 25
244 25
270 25
310 25
491 25
502 25
192 26
244 26
270 26
311 26
490 26
503 26
531 26
534 26
191 27
244 27
270 27
312 27
489 27
504 27
523 27
535 27
190 28
244 28
268 28
316 28
475 28
480 28
488 28
509 28
521 28
537 28
189 29
244 29
267 29
316 29
473 29
480 29
488 29
510 29
517 29
538 29
189 30
244 30
266 30
316 30
429 30
430 30
471 30
481 30
487 30
511 30
515 30
543 30
188 31
245 31
265 31
317 31
401 31
402 31
427 31
433 31
468 31
483 31
486 31
544 31
188 32
245 32
265 32
317 32
401 32
404 32
426 32
434 32
468 32
483 32
486 32
545 32
187 33
246 33
265 33
317 33
327 33
333 33
398 33
408 33
420 33
424 33
426 33
435 33
466 33
546 33
185 34
245 34
250 34
257 34
263 34
316 34
325 34
333 34
398 34
412 34
418 34
436 34
467 34
547 34
552 34
556 34
185 35
245 35
250 35
258 35
261 35
316 35
325 35
333 35
389 35
390 35
392 35
395 35
398 35
412 35
418 35
437 35
467 35
547 35
551 35
557 35
185 36
245 36
249 36
317 36
325 36
333 36
388 36
391 36
392 36
395 36
396 36
412 36
418 36
437 36
467 36
548 36
551 36
557 36
179 37
322 37
324 37
333 37
387 37
437 37
469 37
562 37
178 38
322 38
324 38
333 38
387 38
437 38
471 38
563 38
178 39
333 39
387 39
437 39
471 39
563 39
178 40
333 40
387 40
440 40
467 40
564 40
178 41
334 41
387 41
441 41
465 41
570 41
177 42
335 42
387 42
443 42
463 42
571 42
177 43
335 43
387 43
443 43
463 43
572 43
177 44
335 44
377 44
443 44
463 44
572 44
177 45
335 45
374 45
452 45
463 45
573 45
177 46
335 46
374 46
454 46
462 46
573 46
177 47
335 47
372 47
455 47
462 47
574 47
177 48
335 48
372 48
455 48
460 48
575 48
175 49
335 49
370 49
455 49
459 49
576 49
174 50
335 50
370 50
455 50
458 50
576 50
171 51
335 51
370 51
455 51
456 51
577 51
169 52
335 52
369 52
579 52
160 53
336 53
367 53
580 53
158 54
336 54
367 54
580 54
156 55
337 55
366 55
580 55
156 56
337 56
366 56
580 56
154 57
337 57
366 57
580 57
154 58
336 58
366 58
580 58
153 59
335 59
366 59
580 59
152 60
334 60
366 60
580 60
152 61
334 61
366 61
580 61
151 62
333 62
364 62
582 62
150 63
333 63
347 63
350 63
364 63
584 63
150 64
333 64
346 64
353 64
364 64
585 64
150 65
332 65
344 65
354 65
364 65
591 65
150 66
331 66
342 66
355 66
363 66
593 66
150 67
330 67
341 67
355 67
363 67
593 67
150 68
330 68
341 68
357 68
363 68
599 68
150 69
331 69
332 69
337 69
341 69
358 69
363 69
599 69
150 70
361 70
363 70
602 70
150 71
361 71
363 71
602 71
150 72
362 72
364 72
603 72
149 73
608 73
610 73
614 73
148 74
617 74
148 75
618 75
148 76
618 76
148 77
619 77
148 78
622 78
147 79
627 79
147 80
630 80
631 80
147 81
147 82
147 83
147 84
148 85
638 85
147 86
637 86
147 87
637 87
147 88
637 88
147 89
638 89
146 90
638 90
146 91
638 91
146 92
638 92
145 93
637 93
143 94
637 94
143 95
637 95
143 96
636 96
141 97
636 97
140 98
636 98
127 99
631 99
126 100
631 100
125 101
630 101
124 102
629 102
123 103
627 103
123 104
627 104
123 105
627 105
123 106
627 106
123 107
626 107
123 108
626 108
123 109
626 109
122 110
625 110
122 111
625 111
122 112
625 112
122 113
625 113
112 114
118 114
122 114
625 114
110 115
625 115
110 116
625 116
109 117
624 117
108 118
624 118
106 119
623 119
106 120
622 120
105 121
622 121
45 122
50 122
105 122
622 122
45 123
51 123
104 123
622 123
42 124
55 124
102 124
622 124
41 125
57 125
100 125
621 125
41 126
58 126
97 126
622 126
38 127
59 127
74 127
76 127
93 127
621 127
35 128
61 128
72 128
79 128
92 128
622 128
35 129
63 129
71 129
80 129
91 129
622 129
34 130
64 130
69 130
81 130
89 130
622 130
34 131
64 131
68 131
81 131
89 131
622 131
34 132
621 132
34 133
620 133
33 134
620 134
32 135
619 135
32 136
618 136
31 137
617 137
30 138
618 138
29 139
618 139
26 140
618 140
26 141
618 141
26 142
618 142
26 143
618 143
24 144
618 144
24 145
618 145
23 146
617 146
23 147
617 147
23 148
617 148
22 149
617 149
21 150
616 150
21 151
616 151
21 152
614 152
19 153
610 153
611 153
612 153
618 153
619 153
18 154
610 154
18 155
610 155
17 156
608 156
17 157
607 157
17 158
606 158
17 159
606 159
17 160
606 160
17 161
605 161
16 162
605 162
16 163
605 163
14 164
602 164
13 165
600 165
13 166
599 166
13 167
599 167
10 168
11 168
13 168
599 168
10 169
598 169
13 170
598 170
11 171
598 171
12 172
598 172
13 173
515 173
517 173
597 173
13 174
515 174
518 174
597 174
14 175
439 175
449 175
514 175
518 175
597 175
14 176
438 176
449 176
514 176
520 176
597 176
15 177
434 177
450 177
503 177
509 177
512 177
522 177
597 177
14 178
430 178
451 178
457 178
458 178
503 178
523 178
597 178
13 179
429 179
452 179
455 179
459 179
503 179
523 179
597 179
13 180
427 180
459 180
503 180
523 180
597 180
12 181
424 181
459 181
492 181
494 181
503 181
525 181
597 181
11 182
418 182
460 182
492 182
497 182
501 182
525 182
597 182
10 183
417 183
460 183
467 183
472 183
488 183
526 183
597 183
10 184
414 184
476 184
485 184
527 184
597 184
9 185
414 185
476 185
484 185
528 185
597 185
8 186
415 186
477 186
484 186
533 186
597 186
7 187
414 187
477 187
483 187
534 187
597 187
7 188
414 188
478 188
483 188
534 188
597 188
7 189
414 189
479 189
482 189
534 189
597 189
5 190
413 190
534 190
597 190
4 191
413 191
534 191
597 191
4 192
412 192
534 192
597 192
4 193
412 193
534 193
597 193
4 194
411 194
535 194
597 194
4 195
409 195
537 195
597 195
4 196
409 196
537 196
597 196
4 197
408 197
538 197
597 197
4 198
407 198
539 198
597 198
3 199
407 199
539 199
597 199
3 200
406 200
539 200
597 200
3 201
406 201
539 201
597 201
3 202
405 202
539 202
595 202
2 203
404 203
540 203
593 203
1 204
404 204
541 204
587 204
589 204
593 204
0 205
404 205
543 205
576 205
0 206
404 206
543 206
574 206
1 207
404 207
546 207
572 207
1 208
404 208
547 208
571 208
1 209
404 209
547 209
562 209
564 209
565 209
2 210
404 210
548 210
562 210
3 211
404 211
550 211
562 211
5 212
402 212
551 212
562 212
6 213
402 213
552 213
555 213
557 213
560 213
6 214
401 214
558 214
560 214
8 215
400 215
8 216
400 216
8 217
400 217
7 218
399 218
8 219
398 219
8 220
398 220
9 221
397 221
9 222
396 222
9 223
396 223
10 224
395 224
10 225
395 225
13 226
395 226
13 227
392 227
13 228
383 228
386 228
392 228
13 229
383 229
387 229
391 229
13 230
382 230
13 231
373 231
374 231
379 231
13 232
372 232
13 233
373 233
14 234
315 234
316 234
373 234
14 235
313 235
319 235
372 235
15 236
312 236
319 236
372 236
15 237
310 237
319 237
370 237
15 238
310 238
320 238
370 238
15 239
309 239
320 239
369 239
15 240
304 240
323 240
327 240
332 240
366 240
15 241
304 241
324 241
325 241
332 241
366 241
16 242
304 242
332 242
366 242
17 243
304 243
331 243
366 243
18 244
303 244
331 244
365 244
20 245
302 245
331 245
358 245
360 245
364 245
21 246
303 246
332 246
357 246
21 247
302 247
332 247
339 247
344 247
355 247
27 248
302 248
344 248
354 248
27 249
302 249
344 249
354 249
28 250
302 250
343 250
353 250
28 251
302 251
343 251
353 251
29 252
302 252
343 252
350 252
28 253
302 253
344 253
349 253
28 254
302 254
28 255
302 255
28 256
301 256
27 257
300 257
27 258
300 258
27 259
300 259
28 260
281 260
282 260
293 260
295 260
299 260
28 261
280 261
283 261
292 261
295 261
299 261
28 262
279 262
287 262
291 262
27 263
274 263
28 264
246 264
247 264
253 264
256 264
257 264
261 264
273 264
34 265
233 265
269 265
271 265
35 266
232 266
35 267
227 267
37 268
227 268
44 269
225 269
45 270
225 270
45 271
224 271
46 272
225 272
48 273
225 273
49 274
52 274
55 274
224 274
56 275
223 275
56 276
223 276
58 277
219 277
58 278
219 278
59 279
219 279
60 280
219 280
61 281
219 281
63 282
219 282
64 283
219 283
64 284
219 284
65 285
219 285
65 286
219 286
66 287
218 287
66 288
217 288
66 289
217 289
67 290
217 290
67 291
217 291
68 292
218 292
68 293
218 293
71 294
219 294
72 295
219 295
73 296
220 296
76 297
223 297
77 298
225 298
77 299
225 299
78 300
226 300
78 301
226 301
80 302
228 302
80 303
228 303
80 304
228 304
83 305
228 305
88 306
228 306
88 307
228 307
89 308
215 308
89 309
215 309
92 310
214 310
93 311
214 311
93 312
214 312
94 313
213 313
96 314
211 314
97 315
211 315
100 316
194 316
196 316
210 316
101 317
126 317
127 317
136 317
141 317
181 317
184 317
191 317
199 317
209 317
104 318
125 318
128 318
133 318
146 318
180 318
148 319
176 319
158 320
169 320
171 320
173 320
160 321
168 321
161 322
165 322