265 154
0 12 4 82 2 3 3 14 3 11 2 3 14 6 3 14 6 4 80 
0 13 3 81 3 2 4 11 38 4 31 6 2 68 
0 14 3 71 7 4 2 2 3 4 86 70 
0 14 4 71 2 5 7 93 70 
0 15 4 70 4 5 4 2 97 65 
0 16 4 53 20 5 105 63 
0 15 2 2 2 40 32 6 109 58 
0 15 2 2 3 35 35 7 112 55 
0 15 3 2 22 2 11 38 5 118 50 
0 16 2 17 7 5 6 40 4 123 46 
0 20 2 2 3 3 4 2 2 3 52 3 129 41 
0 14 6 5 4 3 7 2 187 38 
0 15 9 2 3 4 6 3 187 37 
0 16 8 3 6 5 3 190 35 
0 18 7 7 7 194 33 
0 18 8 2 2 2 7 195 32 
0 18 12 4 5 2 194 31 
0 19 7 2 2 7 2 2 196 29 
0 21 5 11 2 2 4 194 27 
0 23 3 11 2 2 4 194 27 
0 23 4 10 2 2 200 25 
0 20 2 2 4 5 2 4 13 2 187 25 
0 19 3 2 4 3 4 3 2 7 2 2 2 189 24 
0 19 4 2 3 2 5 3 3 3 2 3 4 187 2 24 
0 20 7 3 5 3 3 2 9 188 5 21 
0 20 7 4 3 3 15 188 2 3 21 
0 20 7 3 11 6 2 3 194 20 
0 21 2 5 3 16 2 69 2 121 4 21 
0 21 10 9 10 68 2 48 73 4 21 
0 21 10 18 192 3 22 
0 24 6 7 2 2 3 2 2 3 192 23 
0 24 5 3 4 3 5 5 2 192 23 
0 26 2 3 2 2 5 3 4 2 3 192 2 20 
0 22 2 11 5 5 3 196 4 18 
0 22 7 5 4 5 206 17 
0 23 2 2 2 5 4 3 208 17 
0 23 2 2 2 5 215 17 
0 23 3 3 4 3 2 211 17 
0 23 3 2 4 3 4 212 15 
0 23 6 3 3 3 213 15 
0 24 4 4 4 214 16 
0 24 4 4 4 204 10 16 
0 25 2 4 2 3 205 7 18 
0 25 2 3 3 3 212 18 
0 28 220 18 
0 16 2 8 2 220 18 
0 24 6 14 197 2 5 18 
0 23 6 2 13 3 47 10 137 3 5 17 
0 22 6 3 43 20 3 4 2 2 4 132 2 6 3 14 
0 22 6 3 6 36 21 4 2 5 3 4 137 3 2 12 
0 20 7 3 13 52 3 2 6 6 137 4 13 
0 21 6 3 63 5 2 5 2 5 137 2 15 
0 20 6 3 57 2 10 2 5 2 6 138 15 
0 19 6 4 28 2 22 24 8 137 16 
0 18 7 3 30 2 12 6 3 2 22 8 5 4 128 16 
0 18 6 4 4 35 2 14 22 7 6 8 124 16 
0 17 6 8 31 43 2 6 5 12 120 16 
0 17 5 9 26 4 23 2 10 10 7 5 15 117 4 12 
0 17 5 8 20 2 2 5 54 5 17 114 5 2 10 
0 11 4 2 4 9 2 18 2 5 3 15 2 38 2 21 112 4 2 10 
0 10 4 2 4 11 19 2 2 4 7 2 9 65 110 15 
0 9 4 3 4 11 17 4 6 6 4 51 24 108 15 
0 8 5 2 5 10 17 4 5 65 24 102 2 2 6 9 
0 6 6 3 4 11 16 5 4 8 10 4 71 99 2 3 14 
0 4 8 3 4 11 16 4 4 27 42 6 24 94 2 3 14 
0 3 9 2 5 11 16 5 2 5 2 21 44 3 27 92 2 2 15 
0 1 2 2 6 2 5 13 15 4 2 55 2 19 31 89 2 2 14 
2 4 5 2 5 13 16 3 30 81 86 3 2 14 
1 5 5 6 14 16 2 2 114 82 3 2 14 
0 4 7 6 13 17 2 26 2 22 67 81 3 2 14 
0 4 6 3 4 13 18 2 116 82 2 2 14 
0 4 6 2 5 14 18 3 93 4 18 4 3 74 2 2 14 
0 3 4 2 4 2 16 17 2 97 3 18 2 4 32 2 40 3 2 13 
0 3 6 3 15 5 19 30 3 64 2 17 2 4 33 2 40 2 2 14 
0 2 3 2 4 23 14 2 33 2 17 45 3 15 2 5 34 2 39 3 16 
0 3 2 31 12 41 57 4 18 4 34 2 2 38 18 
0 35 13 28 2 10 2 55 4 23 34 5 3 39 13 
0 8 2 28 10 2 11 15 3 91 17 2 17 5 42 13 
0 7 3 28 10 9 5 16 93 3 5 26 6 39 3 13 
0 7 2 30 9 11 2 32 4 4 84 19 7 39 4 12 
0 6 3 30 9 28 14 5 97 11 10 6 2 8 4 17 2 2 12 
0 6 2 32 8 146 9 8 7 4 7 2 2 17 2 3 11 
0 5 3 32 8 30 119 6 9 16 3 2 2 15 16 
0 5 3 34 7 29 7 113 5 9 7 2 7 4 3 15 16 
0 4 4 34 7 36 5 110 2 10 5 6 5 8 15 15 
0 4 3 35 8 26 9 5 122 3 8 5 2 6 16 14 
0 4 3 36 8 25 2 12 123 10 8 5 17 13 
0 4 3 33 3 8 25 2 12 133 7 6 17 13 
0 4 3 33 2 10 24 3 11 2 131 7 6 17 13 
0 4 3 33 2 2 8 25 2 15 129 6 7 17 13 
0 3 4 33 3 9 25 2 134 9 4 3 7 18 12 
0 3 4 33 3 10 25 2 146 3 4 4 17 12 
0 3 4 33 13 5 2 12 4 2 2 146 3 4 5 9 2 6 2 6 3 
0 3 4 34 12 19 2 4 2 14 71 62 11 17 2 6 3 
0 3 4 35 12 2 22 3 3 6 4 71 2 60 11 17 2 9 
0 3 5 33 17 19 7 6 75 3 59 11 17 2 9 
0 3 5 32 23 3 4 8 6 6 2 73 3 58 2 11 16 2 9 
0 3 5 32 17 5 7 2 8 2 10 2 72 3 59 12 2 14 2 9 
0 3 5 35 13 8 4 11 3 9 2 2 70 4 70 14 2 3 8 
0 3 6 34 6 4 2 9 3 12 3 84 4 70 13 2 3 8 
0 3 6 27 2 3 4 11 8 3 12 3 2 2 2 4 3 72 4 69 13 3 2 8 
0 3 6 25 6 3 14 7 4 11 3 2 3 6 2 73 4 3 65 2 11 3 2 8 
0 3 7 30 3 15 6 4 11 3 3 2 3 79 5 2 67 10 4 9 
0 3 7 29 3 17 2 3 4 11 6 2 3 2 78 8 65 10 4 9 
0 4 6 28 3 19 2 6 10 7 2 4 2 77 11 63 9 4 9 
0 4 7 11 16 24 6 10 7 2 6 70 8 10 41 3 19 9 4 3 6 
0 4 7 13 2 12 25 5 9 5 5 2 82 9 36 27 3 5 3 3 2 7 
0 4 8 18 6 28 5 10 2 93 6 64 7 3 3 2 7 
0 4 8 19 7 27 4 2 3 15 65 2 18 7 36 2 24 8 3 12 
0 4 9 21 4 44 7 64 3 22 2 37 10 17 3 4 3 3 9 
0 4 10 21 3 44 4 75 56 12 18 4 2 4 9 
0 4 10 22 2 2 4 6 111 56 2 11 18 2 3 13 
0 4 11 21 2 2 2 2 2 4 166 3 2 17 10 2 3 13 
0 4 12 19 3 4 2 2 108 62 3 2 18 8 3 2 2 12 
0 5 12 12 5 5 2 112 2 60 4 4 17 6 2 6 12 
0 5 13 14 4 115 5 60 3 4 10 9 4 2 2 3 13 
0 4 15 15 2 116 4 57 6 5 9 9 6 2 2 2 12 
0 4 17 13 2 118 2 57 6 5 9 10 5 2 2 14 
0 4 18 10 2 3 120 56 2 4 5 9 10 5 4 14 
0 5 20 7 4 2 172 3 3 2 6 8 2 9 5 18 
0 9 15 12 3 105 4 62 3 4 8 7 11 23 
0 10 5 2 6 15 3 106 4 12 9 2 36 3 12 18 2 2 2 17 
0 37 6 109 56 17 8 11 3 2 17 
0 35 9 181 13 10 18 
0 34 12 178 2 13 9 18 
0 42 6 81 95 2 15 6 19 
0 43 8 18 3 50 7 29 65 2 18 5 18 
0 44 12 9 6 25 63 82 3 4 18 
0 46 24 26 64 82 6 18 
0 1 8 41 19 92 2 79 6 18 
0 55 13 93 4 77 2 22 
0 162 4 100 
0 84 2 10 68 4 98 
0 84 2 80 3 97 
0 84 2 81 4 68 2 25 
0 167 7 31 61 
0 169 7 25 5 28 2 30 
0 172 9 16 8 29 4 28 
0 64 2 109 12 6 8 65 
0 177 22 67 
0 180 12 74 
0 70 2 113 81 
0 62 3 6 159 36 
0 62 3 201 
0 62 5 3 196 
0 62 5 199 
0 60 2 4 5 195 
0 60 2 4 4 3 153 40 
0 60 3 4 2 4 152 2 3 36 
0 60 8 6 150 2 2 2 36 
0 60 13 151 3 2 37 
0 59 11 139 17 40 
0 58 11 153 3 2 39 
0 59 8 150 2 4 2 2 39 