265 154
1111111111110001111111111111111111111111111111111111111111111111111111111111111111111111111111111001110001111111111111100011111111111001001111111111111101111100011111111111111000000100011111111111111111111111111111111111111111111111111111111111111111111111111111111
1111111111111001111111111111111111111111111111111111111111111111111111111111111111111111111111110001100001111111111100000000000000000000000000000000000000111100000000000000000000000000000001111110011111111111111111111111111111111111111111111111111111111111111111111
1111111111111100111111111111111111111111111111111111111111111111111111111111111111111110111111000011001001111000000000000000000000000000000000000000000000000000000000000000000000000000000000000001111111111111111111111111111111111111111111111111111111111111111111111
1111111111111100011111111111111111111111111111111111111111111111111111111111111111111111001111100000001000000000000000000000000000000000000000000000000000000000000000000000000000000000000000000001111111111111111111111111111111111111111111111111111111111111111111111
1111111111111110001111111111111111111111111111111111111111111111111111111111111111111111000011111000011000000000000000000000000000000000000000000000000000000000000000000000000000000000000000000000000011111111111111111111111111111111111111111111111111111111111111111
1111111111111111000111111111111111111111111111111111111111111111111111110000000000000000000011111000000000000000000000000000000000000000000000000000000000000000000000000000000000000000000000000000000000111111111111111111111111111111111111111111111111111111111111111
1111111111111110110011111111111111111111111111111111111111110000000000000000000000000000000011111100000000000000000000000000000000000000000000000000000000000000000000000000000000000000000000000000000000000001111111111111111111111111111111111111111111111111111111111
1111111111111110110001111111111111111111111111111111111100000000000000000000000000000000000111111100000000000000000000000000000000000000000000000000000000000000000000000000000000000000000000000000000000000000001111111111111111111111111111111111111111111111111111111
1111111111111110011011111111111111111111100111111111110000000000000000000000000000000000000011111000000000000000000000000000000000000000000000000000000000000000000000000000000000000000000000000000000000000000000000011111111111111111111111111111111111111111111111111
1111111111111111011111111111111111011111100000111111000000000000000000000000000000000000000011110000000000000000000000000000000000000000000000000000000000000000000000000000000000000000000000000000000000000000000000000001111111111111111111111111111111111111111111111
1111111111111111111101101101101110100111000000000000000000000000000000000000000000000000000011100000000000000000000000000000000000000000000000000000000000000000000000000000000000000000000000000000000000000000000000000000000011111111111111111111111111111111111111111
1111111111111100000100001000100100000011000000000000000000000000000000000000000000000000000000000000000000000000000000000000000000000000000000000000000000000000000000000000000000000000000000000000000000000000000000000000000000011111111111111111111111111111111111111
1111111111111110000000011000111100000011100000000000000000000000000000000000000000000000000000000000000000000000000000000000000000000000000000000000000000000000000000000000000000000000000000000000000000000000000000000000000000001111111111111111111111111111111111111
1111111111111111000000011101111100000111000000000000000000000000000000000000000000000000000000000000000000000000000000000000000000000000000000000000000000000000000000000000000000000000000000000000000000000000000000000000000000000011111111111111111111111111111111111
1111111111111111110000001111111000000010000000000000000000000000000000000000000000000000000000000000000000000000000000000000000000000000000000000000000000000000000000000000000000000000000000000000000000000000000000000000000000000000111111111111111111111111111111111
1111111111111111110000000110011000000010000000000000000000000000000000000000000000000000000000000000000000000000000000000000000000000000000000000000000000000000000000000000000000000000000000000000000000000000000000000000000000000000011111111111111111111111111111111
1111111111111111110000000000011110000011000000000000000000000000000000000000000000000000000000000000000000000000000000000000000000000000000000000000000000000000000000000000000000000000000000000000000000000000000000000000000000000000001111111111111111111111111111111
1111111111111111111000000110011111110011000000000000000000000000000000000000000000000000000000000000000000000000000000000000000000000000000000000000000000000000000000000000000000000000000000000000000000000000000000000000000000000000000011111111111111111111111111111
1111111111111111111110000111111111110011000010000000000000000000000000000000000000000000000000000000000000000000000000000000000000000000000000000000000000000000000000000000000000000000000000000000000000000000000000000000000000000000000000111111111111111111111111111
1111111111111111111111100111111111110011000010000000000000000000000000000000000000000000000000000000000000000000000000000000000000000000000000000000000000000000000000000000000000000000000000000000000000000000000000000000000000000000000000111111111111111111111111111
1111111111111111111111100011111111110011000000000000000000000000000000000000000000000000000000000000000000000000000000000000000000000000000000000000000000000000000000000000000000000000000000000000000000000000000000000000000000000000000000001111111111111111111111111
1111111111111111111101100001111100100010000000000001100000000000000000000000000000000000000000000000000000000000000000000000000000000000000000000000000000000000000000000000000000000000000000000000000000000000000000000000000000000000000000001111111111111111111111111
1111111111111111111001100001110000100110000000110011000000000000000000000000000000000000000000000000000000000000000000000000000000000000000000000000000000000000000000000000000000000000000000000000000000000000000000000000000000000000000000000111111111111111111111111
1111111111111111111000110001100000100111000101110111000000000000000000000000000000000000000000000000000000000000000000000000000000000000000000000000000000000000000000000000000000000000000000000000000000000000000000000000000000000000000000010111111111111111111111111
1111111111111111111100000011100000100111001111111110000000000000000000000000000000000000000000000000000000000000000000000000000000000000000000000000000000000000000000000000000000000000000000000000000000000000000000000000000000000000000000010000111111111111111111111
1111111111111111111100000011110001110111111111111110000000000000000000000000000000000000000000000000000000000000000000000000000000000000000000000000000000000000000000000000000000000000000000000000000000000000000000000000000000000000000000010100111111111111111111111
1111111111111111111100000011101111111111011111001110000000000000000000000000000000000000000000000000000000000000000000000000000000000000000000000000000000000000000000000000000000000000000000000000000000000000000000000000000000000000000000000000011111111111111111111
1111111111111111111110100001001111111111111111010000000000000000000000000000000000000000000000000000000000000000000001010000000000000000000000000000000000000000000000000000000000000000000000000000000000000000000000000000000000000000000000001000111111111111111111111
1111111111111111111110000000001111111110111111111000000000000000000000000000000000000000000000000000000000000000000001100000000000000000000000000000000000000000000000010000000000000000000000000000000000000000000000000000000000000000000000001000111111111111111111111
1111111111111111111110000000001111111111111111110000000000000000000000000000000000000000000000000000000000000000000000000000000000000000000000000000000000000000000000000000000000000000000000000000000000000000000000000000000000000000000000001001111111111111111111111
1111111111111111111111110000011111110011011001100010000000000000000000000000000000000000000000000000000000000000000000000000000000000000000000000000000000000000000000000000000000000000000000000000000000000000000000000000000000000000000000000011111111111111111111111
1111111111111111111111110000111011100011111011110010000000000000000000000000000000000000000000000000000000000000000000000000000000000000000000000000000000000000000000000000000000000000000000000000000000000000000000000000000000000000000000000011111111111111111111111
1111111111111111111111111101110011000001110111010110000000000000000000000000000000000000000000000000000000000000000000000000000000000000000000000000000000000000000000000000000000000000000000000000000000000000000000000000000000000000000000000001101111111111111111111
1111111111111111111111011111111111000001000010010000000000000000000000000000000000000000000000000000000000000000000000000000000000000000000000000000000000000000000000000000000000000000000000000000000000000000000000000000000000000000000000000001000111111111111111111
1111111111111111111111000000111110000111110000000000000000000000000000000000000000000000000000000000000000000000000000000000000000000000000000000000000000000000000000000000000000000000000000000000000000000000000000000000000000000000000000000000000011111111111111111
1111111111111111111111101100111110000111000000000000000000000000000000000000000000000000000000000000000000000000000000000000000000000000000000000000000000000000000000000000000000000000000000000000000000000000000000000000000000000000000000000000000011111111111111111
1111111111111111111111101100111110000000000000000000000000000000000000000000000000000000000000000000000000000000000000000000000000000000000000000000000000000000000000000000000000000000000000000000000000000000000000000000000000000000000000000000000011111111111111111
1111111111111111111111100100111100011000000000000000000000000000000000000000000000000000000000000000000000000000000000000000000000000000000000000000000000000000000000000000000000000000000000000000000000000000000000000000000000000000000000000000000011111111111111111
1111111111111111111111100110111000111100000000000000000000000000000000000000000000000000000000000000000000000000000000000000000000000000000000000000000000000000000000000000000000000000000000000000000000000000000000000000000000000000000000000000000000111111111111111
1111111111111111111111100000111000111000000000000000000000000000000000000000000000000000000000000000000000000000000000000000000000000000000000000000000000000000000000000000000000000000000000000000000000000000000000000000000000000000000000000000000000111111111111111
1111111111111111111111110001111000010000000000000000000000000000000000000000000000000000000000000000000000000000000000000000000000000000000000000000000000000000000000000000000000000000000000000000000000000000000000000000000000000000000000000000000001111111111111111
1111111111111111111111110001111000010000000000000000000000000000000000000000000000000000000000000000000000000000000000000000000000000000000000000000000000000000000000000000000000000000000000000000000000000000000000000000000000000000000000010000000001111111111111111
1111111111111111111111111011110011100000000000000000000000000000000000000000000000000000000000000000000000000000000000000000000000000000000000000000000000000000000000000000000000000000000000000000000000000000000000000000000000000000000000001000000111111111111111111
1111111111111111111111111011100011100000000000000000000000000000000000000000000000000000000000000000000000000000000000000000000000000000000000000000000000000000000000000000000000000000000000000000000000000000000000000000000000000000000000000000000111111111111111111
1111111111111111111111111111000000000000000000000000000000000000000000000000000000000000000000000000000000000000000000000000000000000000000000000000000000000000000000000000000000000000000000000000000000000000000000000000000000000000000000000000000111111111111111111
1111111111111111011111111010000000000000000000000000000000000000000000000000000000000000000000000000000000000000000000000000000000000000000000000000000000000000000000000000000000000000000000000000000000000000000000000000000000000000000000000000000111111111111111111
1111111111111111111111110000010000000000000100000000000000000000000000000000000000000000000000000000000000000000000000000000000000000000000000000000000000000000000000000000000000000000000000000000000000000000000000000000000000000000000000001100000111111111111111111
1111111111111111111111100000110000000000000111000000000000000000000000000000000000000000000001000000000100000000000000000000000000000000000000000000000000000000000000000000000000000000000000000000000000000000000000000000000000000000000000001110000011111111111111111
1111111111111111111111000001110000000000000000000000000000000000000000000100000000000000000001110000101100001000000000000000000000000000000000000000000000000000000000000000000000000000000000000000000000000000000000000000000000000000000000001100000011101111111111111
1111111111111111111111000001110000001000000000000000000000000000000000001000000000000000000001111001111100011110000000000000000000000000000000000000000000000000000000000000000000000000000000000000000000000000000000000000000000000000000000000000000011100111111111111
1111111111111111111100000011100000000000001000000000000000000000000000000000000000000000000000111001111110111110000000000000000000000000000000000000000000000000000000000000000000000000000000000000000000000000000000000000000000000000000000000000000010001111111111111
1111111111111111111110000011100000000000000000000000000000000000000000000000000000000000000011111001111100111110000000000000000000000000000000000000000000000000000000000000000000000000000000000000000000000000000000000000000000000000000000000000000010111111111111111
1111111111111111111100000111000000000000000000000000000000000000000000000000000000000110111111111001111100111111000000000000000000000000000000000000000000000000000000000000000000000000000000000000000000000000000000000000000000000000000000000000000000111111111111111
1111111111111111111000001111000000000000000000000000000011000000000000000000000011111111111111111111111101111111000000000000000000000000000000000000000000000000000000000000000000000000000000000000000000000000000000000000000000000000000000000000000001111111111111111
1111111111111111110000001110000000000000000000000000000001100000000000011111100011011111111111111111111101111111000001111000000000000000000000000000000000000000000000000000000000000000000000000000000000000000000000000000000000000000000000000000000001111111111111111
1111111111111111110000011110111000000000000000000000000000000000001101111111111111011111111111111111111101111110000001111111100000000000000000000000000000000000000000000000000000000000000000000000000000000000000000000000000000000000000000000000000001111111111111111
1111111111111111100000111111110000000000000000000000000000000111111111111111111111111111111111111111111100111111000001111111111110000000000000000000000000000000000000000000000000000000000000000000000000000000000000000000000000000000000000000000000001111111111111111
1111111111111111100001111111110000000000000000000000000010001111111111111111111111100111111111101111111110111111000001111111111111110000000000000000000000000000000000000000000000000000000000000000000000000000000000000000000000000000000000000000000001111011111111111
1111111111111111100001111111100000000000000000000110010000111111111111111111111111111111111111111111111111111111000001111111111111111100000000000000000000000000000000000000000000000000000000000000000000000000000000000000000000000000000000000000000011111001111111111
1111111111100011000011111111100100000000000000000110000010011111111111111100111111111111111111111111111111111111110011111111111111111111100000000000000000000000000000000000000000000000000000000000000000000000000000000000000000000000000000000000000001111001111111111
1111111111000110000111111111110000000000000000000110010001111111001111111110111111111111111111111111111111111111111111111111111111111111111100000000000000000000000000000000000000000000000000000000000000000000000000000000000000000000000000000000000000111111111111111
1111111110001110000111111111110000000000000000011110000001111110000111111111111111111111111111111111111111111111111111011111111111111111111111000000000000000000000000000000000000000000000000000000000000000000000000000000000000000000000000000000000000111111111111111
1111111100001100000111111111100000000000000000111100000111111111111111111111111111111111111111111111111111111111111111110111111111111111111111110000000000000000000000000000000000000000000000000000000000000000000000000000000000000000000000000000001100111111011111111
1111110000011100001111111111100000000000000001111100001111111101111111110000111111111111111111111111111111111111111111111111111111111111111111111110000000000000000000000000000000000000000000000000000000000000000000000000000000000000000000000000001100011111111111111
1111000000011100001111111111100000000000000001111000011111111111111111111111111101111111111111111111111111111111111111111100000011111111111111111111111100000000000000000000000000000000000000000000000000000000000000000000000000000000000000000000001100011111111111111
1110000000011000001111111111100000000000000001111100111110011111111111111111111101111111111111111111111111111111111111111111000111111111111111111111111111000000000000000000000000000000000000000000000000000000000000000000000000000000000000000000001100111111111111111
1011000000110000011111111111110000000000000001111001111111111111111111111111111111111111111111111111111111001111111111111111111011111111111111111111111111111100000000000000000000000000000000000000000000000000000000000000000000000000000000000000000110011111111111111
0011100000110000011111111111110000000000000000111011111111111111111111111111111011111111111111111111111111111111111111111111111111111111111111111111111111111111000000000000000000000000000000000000000000000000000000000000000000000000000000000000001110011111111111111
0111100000100000111111111111110000000000000000110011111111111111111111111111111111111111111111111111111111111111111111111111111111111111111111111111111111111111111100000000000000000000000000000000000000000000000000000000000000000000000000000000001110011111111111111
1111000000100000111111111111100000000000000000110111111111111111111111111100111111111111111111111101111111111111111111111111111111111111111111111111111111111111111110000000000000000000000000000000000000000000000000000000000000000000000000000000001110011111111111111
1111000001110000111111111111100000000000000000010111111111111111111111111111111111111111111111111111111111111111111111111111111111111111111111111111111111111111111110000000000000000000000000000000000000000000000000000000000000000000000000000000000110011111111111111
1111000001100000111111111111110000000000000000001001111111111111111111111111111111111111111111111111111111111111111111111111111111111111111111110000111111111111111111000011100000000000000000000000000000000000000000000000000000000000000000000000000110011111111111111
1110001011110011111111111111110000000000000000011011111111111111111111111111111111111111111111111111111111111111111111111111111111111111111111111100011111111111111111100111100000000000000000000000000000000110000000000000000000000000000000000000000111001111111111111
1110000011101111111111111101111000000000000000000011111111111111111111111111111100011111111111111111111111111111111111111111111111111111111111111110011111111111111111001111000000000000000000000000000000000110000000000000000000000000000000000000000101101111111111111
1100101111011111111111111111111110000000000000011011111111111111111111111111111111001111111111111111101111111111111111111111111111111111111111111100011111111111111100111110000000000000000000000000000000000110000000000000000000000000000000000000001001111111111111111
1110111111111111111111111111111111100000000000011111111111111111111111111111111111111111011111111111111111111111111111111111111111111111111111111000011111111111111111101110000000000000000000000000000000000110100000000000000000000000000000000000000111111111111111111
1111111111111111111111111111111111100000000000011111111111111111111111111110011111111110011111111111111111111111111111111111111111111111111111110000111111111111111111111110000000000000000000000000000000000111110110000000000000000000000000000000000000001111111111111
1111111101111111111111111111111111111000000000010111111111110111111111111110001111111111111111111111111111111111111111111111111111111111111111111111111111111111111111111000000000000000001100000000000000000111110000000000000000000000000000000000000000001111111111111
1111111001111111111111111111111111111000000000011111111100000111111111111111101111111111111111111111111111111111111111111111111111111111111111111111111111111111111111111100011111000000000000000000000000001111110000000000000000000000000000000000000001001111111111111
1111111011111111111111111111111111111100000000011111111111001111111111111111111111111111111100001111011111111111111111111111111111111111111111111111111111111111111111111111111111111111000000000000000000011111110000000000000000000000000000000000000001000111111111111
1111110011111111111111111111111111111100000000011111111111111111111111111110111111111111100000111111111111111111111111111111111111111111111111111111111111111111111111111111111111111111111111100000000000111111111100000011000000001000100000000000000001100111111111111
1111110111111111111111111111111111111110000000011111111111111111111111111111111111111111111111111111111111111111111111111111111111111111111111111111111111111111111111111111111111111111111111111000000000111111110000000111100000001100100000000000000001100011111111111
1111100111111111111111111111111111111110000000011111111111111111111111111111101111111111111111111111111111111111111111111111111111111111111111111111111111111111111111111111111111111111111111111111000000111111111000000000000000011100110000000000000001111111111111111
1111100111111111111111111111111111111111100000001111111111111111111111111111101111110111111111111111111111111111111111111111111111111111111111111111111111111111111111111111111111111111111111111111100000111111111000000011000000011110110000000000000001111111111111111
1111000111111111111111111111111111111111100000001111111111111111111111111111111111110111101111111111111111111111111111111111111111111111111111111111111111111111111111111111111111111111111111111111111001111111111000001111110000011111111000000000000000111111111111111
1111001111111111111111111111111111111111100000000111111111111111111111111110111111110111101111111111111111111111111111111111111111111111111111111111111111111111111111111111111111111111111111111111111111111111111000111111110000011011111000000000000000011111111111111
1111001111111111111111111111111111111111110000000011111111111111111111111110011111111111101111111111111111111111111111111111111111111111111111111111111111111111111111111111111111111111111111111111111111111111111101111111110000000011111000000000000000001111111111111
1111001111111111111111111111111111111110110000000011111111111111111111111110011111111111101111111111111111111111111111111111111111111111111111111111111111111111111111111111111111111111111111111111111111111111111111111111110000000111111000000000000000001111111111111
1111001111111111111111111111111111111110010000000001111111111111111111111110001111111111100111111111111111111111111111111111111111111111111111111111111111111111111111111111111111111111111111111111111111111111111111111111110000000111111000000000000000001111111111111
1111001111111111111111111111111111111110011000000001111111111111111111111111001111111111111110111111111111111111111111111111111111111111111111111111111111111111111111111111111111111111111111111111111111111111111111111111110000001111111000000000000000001111111111111
1110001111111111111111111111111111111110001000000001111111111111111111111111001111111111111111111111111111111111111111111111111111111111111111111111111111111111111111111111111111111111111111111111111111111111111101111111101110001111111000000000000000000111111111111
1110001111111111111111111111111111111110001000000000111111111111111111111111100111111111111111111111111111111111111111111111111111111111111111111111111111111111111111111111111111111111111111111111111111111111111111111111111110001111011100000000000000000111111111111
1110001111111111111111111111111111111110000000000000111110011111111111100001100111111111111111111111111111111111111111111111111111111111111111111111111111111111111111111111111111111111111111111111111111111111111111111111111110001111011110000000001100000010111111011
1110001111111111111111111111111111111111000000000000111111111111111111100111100111111111111110111111111111111111111111111111111111111111111111111111111111111111111101111111111111111111111111111111111111111111111111111111111111011111111110000000000000000010111111011
1110001111111111111111111111111111111111100000000000010111111111111111111111100010011111101110111111111111111111111111111111111111111111111111111111111111111111111100111111111111111111111111111111111111111111111111111111111111011111111110000000000000000010111111111
1110000111111111111111111111111111111111000000000000000001111111111111111111000000011111101111111111111111111111111111111111111111111111111111111111111111111111111100011111111111111111111111111111111111111111111111111111111111011111111110000000000000000010111111111
1110000111111111111111111111111111111110000000000000000000000011100001111111100000011111100111111111111111111111111111111111111111111111111111111111111111111111111100011111111111111111111111111111111111111111111111111111111110011111111111000000000000000010111111111
1110000111111111111111111111111111111110000000000000000011111000000010111111110011111111110011111111111111111111111111111111111111111111111111111111111111111111111100011111111111111111111111111111111111111111111111111111111111011111111111001000000000000010111111111
1110000111111111111111111111111111111111110000000000000111111110000111111111110001111111110100111111111111111111111111111111111111111111111111111111111111111111111100001111111111111111111111111111111111111111111111111111111111111111111111000000000000001100011111111
1110000011111111111111111111111111111111110000001111001111111110001111111111110001111111111111111111111111111111111111111111111111111111111111111111111111111111111110000111111111111111111111111111111111111111111111111111111111111111111111100000000000001100011111111
1110000011111111111111111111111111100111000011111111111011111110001111111111110001011001111000111111111111111111111111111111111111111111111111111111111111111111111111000011111111111111111111111111111111111111111111111111111111111111111111100000000000001110011111111
1110000011111111111111111111111110000001001111111111111101111110000111111111110001011101111100111111111111111111111111111111111111111111111111111111111111111111111111100001001111111111111111111111111111111111111111111111111111111111111111101000000000001110011111111
1110000001111111111111111111111111111110001111111111111110111110000111111111110001001101101111111111111111111111111111111111111111111111111111111111111111111111111111110000011011111111111111111111111111111111111111111111111111111111111111111100000000001111011111111
1110000001111111111111111111111111111100011111111111111111001110000111111111110000001101100111111111111111111111111111111111111111111111111111111111111111111111111111111000000001111111111111111111111111111111111111111111111111111111111111111100000000001111011111111
1111000001111111111111111111111111111000111111111111111111100100000111111111100000001101110011111111111111111111111111111111111111111111111111111111111111111111111111111000000000001111111111111111111111111111111111111111111111111111111111111110000000001111011111111
1111000000111111111110111111111111111011111111111111111111111000000111111111100000001101111101111111111111111111111111111111111111111111111111111111111111111111110111111100000000001111111111111111111111111111111111111111100011111111111111111110000000001111000111111
1111000000111111111111100111111111111011111111111111111111111100000111111111000001111100111111111111111111111111111111111111111111111111111111111111111111111111111111111100000000011111111111111111111111111111111111101111111111111111111111111100010000100111001111111
1111000000011111111111111111100000011111111111111111111111111110000011111111110011111111111111111111111111111111111111111111111111111111111111111111111111111111111111111111100000011111111111111111111111111111111111111111111111111111111111111110000000100111001111111
1111000000011111111111111111110000000111111111111111111111111111000011000111111111111111011111111111111111111111111111111111111111111111111111111111111110011111111111111111100000001111111111111111111111111111111111110011111111111111111111111100000000100111111111111
1111000000001111111111111111111110000111111111111111111111111111111111111111111110111111011111111111111111111111111111111111111111111111111111111111111100011111111111111111111110011111111111111111111111111111111111110000000000111111111111111110110000100111011111111
1111000000000111111111111111111111000111111111111111111111111111111111111111111110000111111111111111111111111111111111111111111111111111111111111111111111111111011111111111111111111111111111111111111111111111111111110000000000001111111111111111110000110111011111111
1111000000000111111111111111111111100110111011111011111111111111111111111111111111111111111111111111111111111111111111111111111111111111111111111111111111111111011111111111111111111111111111111111111111111111111111110010000000000111111111111111111001110111111111111
1111000000000011111111111111111111100110011001111011111111111111111111111111111111111111111111111111111111111111111111111111111111111111111111111111111111111111111111111111111111111111111111111111111111111111111111100011000000000000000001111111111001110111111111111
1111000000000001111111111111111111000100011001111111111111111111111111111111111111111111111111111111111111111111111111111111111111111111111111111111111110111111111111111111111111111111111111111111111111111111111111100011000000000000000000111111110001100111111111111
1111100000000000111111111111000001000010111111111111111111111111111111111111111111111111111111111111111111111111111111111111111111111111111111111111111101011111111111111111111111111111111111111111111111111111111111000011110000000000000000011111101011111011111111111
1111100000000000011111111111111000011111111111111111111111111111111111111111111111111111111111111111111111111111111111111111111111111111111111111111110000011111111111111111111111111111111111111111111111111111111111100011110000000000100000000111101001110111111111111
1111000000000000001111111111111110011111111111111111111111111111111111111111111111111111111111111111111111111111111111111111111111111111111111111111111000011111111111111111111111111111111111111111111111111111111100000011111000000000100000000111111001100111111111111
1111000000000000000011111111111110011111111111111111111111111111111111111111111111111111111111111111111111111111111111111111111111111111111111111111111110011111111111111111111111111111111111111111111111111111111100000011111000000000100000000011111001101111111111111
1111000000000000000001111111111010001111111111111111111111111111111111111111111111111111111111111111111111111111111111111111111111111111111111111111111111110111111111111111111111111111111111111111111111111111111100100011111000000000100000000011111000011111111111111
1111100000000000000000001111111011100111111111111111111111111111111111111111111111111111111111111111111111111111111111111111111111111111111111111111111111111111111111111111111111111111111111111111111111111111100011100111111000000001100000000011111011111111111111111
1111111110000000000000011111111111100011111111111111111111111111111111111111111111111111111111111111111111111111111111111111111111111111111111100001111111111111111111111111111111111111111111111111111111111111100011110111111100000001000000000011111111111111111111111
1111111111000011000000111111111111111000111111111111111111111111111111111111111111111111111111111111111111111111111111111111111111111111111111111100001111111111110111111110011111111111111111111111111111111111100011111111111100000000000000000011001101111111111111111
1111111111111111111111111111111111111000001111111111111111111111111111111111111111111111111111111111111111111111111111111111111111111111111111111111111011111111111111111111111111111111111111111111111111111110111111111111111101111111000000000001110011111111111111111
1111111111111111111111111111111111100000000111111111111111111111111111111111111111111111111111111111111111111111111111111111111111111111111111111111111111111111111111111111111111111111111111111111111111111111111111111111111101111111111110000000000111111111111111111
1111111111111111111111111111111111000000000001111111111111111111111111111111111111111111111111111111111111111111111111111111111111111111111111111111111111111111111111111111111111111111111111111111111111111111111111111111111001111111111111000000000111111111111111111
1111111111111111111111111111111111111111110000011111111111111111111111111111111111111111111111111111111111111111111111111111111101111111111111111111111111111111111111111111111111111111111111111111111111111111111111111111111001111111111111110000001111111111111111111
1111111111111111111111111111111111111111111000000011111111111111111100011111111111111111111111111111111111111111111111111011111101111111111111111111111111111011111111111111111111111111111111111111111111111111111111111111110011111111111111111100000111111111111111111
1111111111111111111111111111111111111111111100000000000111111111000000111111111111111111111111101111111111111111111111111111111111111111111111111111111111111101111111111111111111111111111111111111111111111111111111111111111111111111111111110110000111111111111111111
1111111111111111111111111111111111111111111111000000000000000000000001111111111111111111111111101111111111111111111111111111111111111111111111111111111111111110111111111111111111111111111111111111111111111111111111111111111111111111111111111000000111111111111111111
1000000011111111111111111111111111111111111111111000000000000000000011111111111111111111111111111111111111111111111111111111111111111111111111111111111111111111001111111111111111111111111111111111111111111111111111111111111111111111111111111000000111111111111111111
1111111111111111111111111111111111111111111111111111111000000000000111111111111111111111111111111111111111111111111111111111111111111111111111111111111111111111000011111111111111111111111111111111111111111111111111111111111111111111111111111001111111111111111111111
1111111111111111111111111111111111111111111111111111111111111111111111111111111111111111111111111111111111111111111111111111111111111111111111111111111111111111110001111111111111111111111111111111111111111111111111111111111111111111111111111111111111111111111111111
1111111111111111111111111111111111111111111111111111111111111111111111111111111111110111111111101111111111111111111111111111111111111111111111111111111111111111111000011111111111111111111111111111111111111111111111111111111111111111111111111111111111111111111111111
1111111111111111111111111111111111111111111111111111111111111111111111111111111111110111111111111111111111111111111111111111111111111111111111111111111111111111111110001111111111111111111111111111111111111111111111111111111111111111111111111111111111111111111111111
1111111111111111111111111111111111111111111111111111111111111111111111111111111111110111111111111111111111111111111111111111111111111111111111111111111111111111111111000011111111111111111111111111111111111111111111111111111111111111111111001111111111111111111111111
1111111111111111111111111111111111111111111111111111111111111111111111111111111111111111111111111111111111111111111111111111111111111111111111111111111111111111111111100000011111111111111111111111111111110111111111111111111111111111111111111111111111111111111111111
1111111111111111111111111111111111111111111111111111111111111111111111111111111111111111111111111111111111111111111111111111111111111111111111111111111111111111111111111000000111111111111111111111111100000111111111111111111111111111100111111111111111111111111111111
1111111111111111111111111111111111111111111111111111111111111111111111111111111111111111111111111111111111111111111111111111111111111111111111111111111111111111111111111111000000001111111111111111000000001111111111111111111111111111100001111111111111111111111111111
1111111111111111111111111111111111111111111111111111111111111111011111111111111111111111111111111111111111111111111111111111111111111111111111111111111111111111111111111111110000000000001111110000000011111111111111111111111111111111111111111111111111111111111111111
1111111111111111111111111111111111111111111111111111111111111111111111111111111111111111111111111111111111111111111111111111111111111111111111111111111111111111111111111111111110000000000000000000001111111111111111111111111111111111111111111111111111111111111111111
1111111111111111111111111111111111111111111111111111111111111111111111111111111111111111111111111111111111111111111111111111111111111111111111111111111111111111111111111111111111110000000000011111111111111111111111111111111111111111111111111111111111111111111111111
1111111111111111111111111111111111111111111111111111111111111111111111011111111111111111111111111111111111111111111111111111111111111111111111111111111111111111111111111111111111111111011111111111111111111111111111111111111111111111111111111111111111111111111111111
1111111111111111111111111111111111111111111111111111111111111100111111011111111111111111111111111111111111111111111111111111111111111111111111111111111111111111111111111111111111111111111111111111111111111111111111111111111111111011111111111111111111111111111111111
1111111111111111111111111111111111111111111111111111111111111100111111111111111111111111111111111111111111111111111111111111111111111111111111111111111111111111111111111111111111111111111111111111111111111111111111111111111111111111111111111111111111111111111111111
1111111111111111111111111111111111111111111111111111111111111100001110111111111111111111111111111111111111111111111111111111111111111111111111111111111111111111111111111111111111111111111111111111111111111111111111111111111111111111111111111111111111111111111111111
1111111111111111111111111111111111111111111111111111111111111100001111111111111111111111111111111111111111111111111111111111111111111111111111111111111111111111111111111111111111111111111111111111111111111111111111111111111111111111111111111111111111111111111111111
1111111111111111111111111111111111111111111111111111111111110100011111011111111111111111111111111111111111111111111111111111111111111111111111111111111111111111111111111111111111111111111111111111111111111111111111111111111111111111111111111111111111111111111111111
1111111111111111111111111111111111111111111111111111111111110100011110001111111111111111111111111111111111111111111111111111111111111111111111111111111111111111111111111111111111111111111111111111111111111111111111111111111110111111111111111111111111111111111111111
1111111111111111111111111111111111111111111111111111111111110010001100001111111111111111111111111111111111111111111111111111111111111111111111111111111111111111111111111111111111111111111111111111111111111111111111111111111100100111111111111111111111111111111111111
1111111111111111111111111111111111111111111111111111111111110000000100000111111111111111111111111111111111111111111111111111111111111111111111111111111111111111111111111111111111111111111111111111111111111111111111111111111001100111111111111111111111111111111111111
1111111111111111111111111111111111111111111111111111111111110000000000001111111111111111111111111111111111111111111111111111111111111111111111111111111111111111111111111111111111111111111111111111111111111111111111111111111011001111111111111111111111111111111111111
1111111111111111111111111111111111111111111111111111111111100000000001111111111111111111111111111111111111111111111111111111111111111111111111111111111111111111111111111111111111111111111111111111111111111111011111111111111110111111111111111111111111111111111111111
1111111111111111111111111111111111111111111111111111111111000000000011111111111111111111111111111111111111111111111111111111111111111111111111111111111111111111111111111111111111111111111111111111111111111111111111111111101100111111111111111111111111111111111111111
1111111111111111111111111111111111111111111111111111111111100000001111111111111111111111111111111111111111111111111111111111111111111111111111111111111111111111111111111111111111111111111111111111111111111111111111110010001100111111111111111111111111111111111111111