0
400
0
212
1
212
2
212
3
212
4
212
5
212
6
212
7
212
8
212
9
212
10
211
11
210
12
209
13
208
14
207
15
206
16
205
17
204
18
203
19
202
20
202
21
202
22
202
23
202
24
202
25
202
26
202
27
202
28
202
29
202
30
201
31
200
32
199
33
198
34
197
35
196
36
195
37
194
38
193
39
192
40
191
41
190
42
189
43
188
44
187
45
186
46
185
47
184
48
183
49
182
50
181
51
180
52
179
53
178
54
177
55
176
56
175
57
174
58
173
59
172
60
172
61
172
62
172
63
172
64
172
65
172
66
172
67
172
68
172
69
172
70
172
71
172
72
172
73
172
74
172
75
172
76
172
77
172
78
172
79
172
80
172
81
172
82
172
83
172
84
172
85
172
86
172
87
172
88
172
89
172
90
172
91
172
92
172
93
172
94
172
95
172
96
172
97
172
98
172
99
172
100
171
101
170
102
169
103
168
104
167
105
166
106
165
107
164
108
163
109
162
110
161
111
160
112
159
113
158
114
157
115
156
116
155
117
154
118
153
119
152
120
152
121
152
122
152
123
152
124
152
125
152
126
152
127
152
128
152
129
152
130
152
131
152
132
152
133
152
134
152
135
152
136
152
137
152
138
152
139
152
140
151
141
150
142
149
143
148
144
147
145
146
146
145
147
144
148
143
149
142
150
142
151
142
152
142
153
142
154
142
155
142
156
142
157
142
158
142
159
142
160
141
161
140
162
139
163
138
164
137
165
136
166
135
167
134
168
133
169
132
170
131
171
130
172
129
173
128
174
127
175
126
176
125
177
124
178
123
179
122
180
122
181
122
182
122
183
122
184
122
185
122
186
122
187
122
188
122
189
122
190
122
191
122
192
122
193
122
194
122
195
122
196
122
197
122
198
122
199
122
200
121
201
120
202
119
203
118
204
117
205
116
206
115
207
114
208
113
209
112
210
111
211
110
212
109
213
108
214
107
215
106
216
105
217
104
218
103
219
102
220
101
221
100
222
99
223
98
224
97
225
96
226
95
227
94
228
93
229
92
230
91
231
90
232
89
233
88
234
87
235
86
236
85
237
84
238
83
239
82
240
82
241
82
242
82
243
82
244
82
245
82
246
82
247
82
248
82
249
82
250
82
251
82
252
82
253
82
254
82
255
82
256
82
257
82
258
82
259
82
260
81
261
80
262
79
263
78
264
77
265
76
266
75
267
74
268
73
269
72
270
71
271
70
272
69
273
68
274
67
275
66
276
65
277
64
278
63
279
62
280
61
281
60
282
59
283
58
284
57
285
56
286
55
287
54
288
53
289
52
290
51
291
50
292
49
293
48
294
47
295
46
296
45
297
44
298
43
299
42
300
42
301
42
302
42
303
42
304
42
305
42
306
42
307
42
308
42
309
42
310
42
311
42
312
42
313
42
314
42
315
42
316
42
317
42
318
42
319
42
320
42
321
42
322
42
323
42
324
42
325
42
326
42
327
42
328
42
329
42
330
42
331
42
332
42
333
42
334
42
335
42
336
42
337
42
338
42
339
42
340
41
341
40
342
39
343
38
344
37
345
36
346
35
347
34
348
33
349
32
350
32
351
32
352
32
353
32
354
32
355
32
356
32
357
32
358
32
359
32
360
31
361
30
362
29
363
28
364
27
365
26
366
25
367
24
368
23
369
22
370
22
371
22
372
22
373
22
374
22
375
22
376
22
377
22
378
22
379
22
380
22
381
22
382
22
383
22
384
22
385
22
386
22
387
22
388
22
389
22
390
22
391
22
392
22
393
22
394
22
395
22
396
22
397
22
398
22
399
22
400
22
401
22
402
22
403
22
404
22
405
22
406
22
407
22
408
22
409
22
410
21
411
20
412
19
413
18
414
17
415
16
416
15
417
14
418
13
419
12
420
11
421
10
422
9
423
8
424
7
425
6
426
5
427
4
428
3
429
2
430
2
431
2
432
2
433
2
434
2
435
2
436
2
437
2
438
2
439
2
440
1
441
0
442
-1
443
-2
444
-3
445
-4
446
-5
447
-6
448
-7
449
-8
450
-9
451
-10
452
-11
453
-12
454
-13
455
-14
456
-15
457
-16
458
-17
459
-18
460
-18
461
-18
462
-18
463
-18
464
-18
465
-18
466
-18
467
-18
468
-18
469
-18
470
-19
471
-20
472
-21
473
-22
474
-23
475
-24
476
-25
477
-26
478
-27
479
-28
480
-29
481
-30
482
-31
483
-32
484
-33
485
-34
486
-35
487
-36
488
-37
489
-38
490
-39
491
-40
492
-41
493
-42
494
-43
495
-44
496
-45
497
-46
498
-47
499
-48
500
-48
501
-48
502
-48
503
-48
504
-48
505
-48
506
-48
507
-48
508
-48
509
-48
510
-48
511
-48
512
-48
513
-48
514
-48
515
-48
516
-48
517
-48
518
-48
519
-48
520
-48
521
-48
522
-48
523
-48
524
-48
525
-48
526
-48
527
-48
528
-48
529
-48
530
-48
531
-48
532
-48
533
-48
534
-48
535
-48
536
-48
537
-48
538
-48
539
-48
540
-49
541
-50
542
-51
543
-52
544
-53
545
-54
546
-55
547
-56
548
-57
549
-58
550
-59
551
-60
552
-61
553
-62
554
-63
555
-64
556
-65
557
-64
558
-63
559
-62
560
-61
561
-60
562
-59
563
-58
564
-57
565
-56
566
-55
567
-54
568
-53
569
-52
570
-51
571
-50
572
-49
573
-48
574
-47
575
-46
576
-45
577
-44
578
-43
579
-42
580
-42
581
-42
582
-42
583
-42
584
-42
585
-42
586
-42
587
-42
588
-42
589
-42
590
-41
591
-40
592
-39
593
-38
594
-37
595
-36
596
-35
597
-34
598
-33
599
-32
600
-32
600
400